Delay: 30
Distance: 234
FaceDetection: False
Halo: False
Lat: 30.542128000000002
Lng: -96.340287000000004
Range: 564
